00000001,1,Completed,0
000001,1
000002,2
000003,1
000007,1
000015,1
-END-
00000002,2,Completed,0
000001,1
000016,1
000018,1
000019,1
000015,1
-END-
00000003,3,Completed,0
000004,1
000016,1
000013,1
-END-
00000004,4,Completed,0.1
000022,1
000025,1
000023,1
000032,1
000010,1
000008,1
000006,1
-END-
00000005,5,Completed,0
000001,1
000002,2
000003,1
000007,1
000015,1
-END-
00000006,6,Completed,0
000007,1
000012,1
000013,1
000017,1
-END-
00000007,7,Completed,0
000001,1
000002,2
000003,1
000007,1
000031,1
000032,1
-END-
00000008,8,Completed,0
000025,1
000015,1
000031,1
000003,1
000023,1
000024,1
000017,1
000031,1
-END-
00000009,9,Completed,0.2
000001,1
000002,2
000003,1
000007,1
000015,1
-END-
00000010,10,Completed,0
000015,1
000005,2
000030,1
000010,1
000025,1
000024,1
000004,1
-END-
00000011,1,Canceled,0
000026,1
000008,1
000021,1
000006,1
-END-
00000012,2,Completed,0
000028,1
000015,1
000013,1
000028,1
000009,1
-END-
00000013,3,Completed,0
000013,1
000021,1
000028,1
000026,1
000013,1
000021,1
-END-
00000014,4,Completed,0
000031,1
000024,2
000019,1
000003,1
000001,1
-END-
00000015,5,Completed,0
000023,2
000021,1
-END-
00000016,6,Completed,0
000006,1
000031,1
000026,1
000003,1
000009,1
-END-
00000017,7,Completed,0
000001,1
000002,2
000003,1
000007,1
000015,1
-END-
00000018,8,Completed,0
000001,1
000002,2
000003,1
000007,1
000015,1
-END-
00000019,9,Canceled,0
000001,1
000002,2
000003,1
000007,1
000015,1
-END-
00000020,10,Completed,0
000011,2
000024,2
000003,1
000018,1
-END-
00000021,1,Completed,0
000006,1
000023,1
000002,1
000030,1
000014,1
-END-
00000022,2,Completed,0
000021,1
000025,1
000026,1
000017,2
-END-
00000023,3,Completed,0
000018,1
000026,2
000025,1
000014,1
000015,1
-END-
00000024,4,Uncompleted,0
000002,1
000031,1
000006,1
000028,1
000024,1
000013,1
-END-
00000025,5,Uncompleted,0
000001,1
000002,2
000003,1
000007,1
000015,1
-END-
00000026,6,Canceled,0
000001,1
000002,2
000003,1
000007,1
000015,1
-END-
00000027,7,Uncompleted,0.05
000025,1
000015,1
000023,1
000027,1
000002,1
000013,1
-END-
00000028,8,Uncompleted,0
000001,1
000002,2
000003,1
000007,1
000015,1
-END-
00000029,9,Uncompleted,0
000023,1
000017,1
000018,1
000020,1
-END-
00000030,10,Uncompleted,0.1
000030,1
000005,1
000010,1
000022,1
000016,1
-END-
00000031,1,Uncompleted,0.1
000001,1
000020,1
000026,1
000007,1
000015,1
-END-
00000032,2,Uncompleted,0.1
000001,1
000002,2
000003,1
000007,1
000015,1
-END-
00000033,3,Uncompleted,0.05
000017,2
000002,1
000022,1
000024,1
000001,1
000013,1
000018,1
000031,1
-END-
00000034,4,Uncompleted,0.1
000001,1
000002,2
000003,1
000007,1
000015,1
-END-
00000035,5,Uncompleted,0.2
000006,1
000003,1
000025,1
-END-
00000036,6,Uncompleted,0.05
000030,2
000024,1
000031,1
000003,1
000005,1
-END-
